1
3
7
15
15
18
18
20
20
21
22
23
25
30
32
33
37
40
45
45
45
46
46
48
50
53
57
58
58
58
59
59
60
61
64
64
64
65
65
70
71
73
75
77
81
82
82
83
85
88
100
103
105
108
110
116
118
119
119
126
128
131
132
134
135
136
137
140
145
147
149
151
152
152
155
155
158
158
164
165
171
179
181
187
188
188
189
191
191
191
195
196
196
198
200
202
205
205
208
212
213
214
215
217
225
233
233
235
239
241
247
248
248
252
255
257
258
260
260
263
267
269
274
275
276
276
276
277
278
278
278
279
281
283
284
287
293
293
294
299
302
304
304
306
308
309
312
316
317
323
323
325
325
326
328
329
330
336
336
343
344
350
352
356
357
358
359
359
359
361
363
364
365
367
367
368
368
373
374
375
375
375
382
382
384
387
391
392
393
394
395
395
403
410
415
416
419
421
422
423
423
426
427
428
430
432
433
433
434
441
441
443
447
449
452
452
455
459
465
465
472
477
479
482
484
485
487
488
489
490
493
494
496
499
508
511
513
513
513
514
516
516
521
524
528
536
538
538
540
541
542
546
550
550
551
553
554
555
555
555
558
563
565
567
569
570
570
573
575
577
579
588
588
593
593
594
595
598
599
600
605
605
606
607
608
610
610
613
619
619
620
621
624
625
625
626
627
628
629
629
634
641
642
643
649
652
653
654
654
655
657
658
659
660
660
661
669
669
671
671
673
675
676
676
677
677
678
680
684
684
688
692
695
695
696
698
703
703
704
705
706
707
707
711
711
711
712
712
714
714
717
718
722
723
725
729
731
735
740
741
741
753
753
761
763
766
766
766
770
772
774
778
783
786
786
786
788
792
793
794
796
797
799
808
809
811
812
813
815
816
822
823
824
828
831
832
834
836
837
838
839
840
842
844
846
851
851
853
855
857
859
863
864
864
865
867
867
875
876
877
879
881
882
883
884
884
885
885
885
887
889
890
896
899
900
901
901
902
904
904
907
908
911
911
912
913
914
918
919
919
919
922
924
925
928
930
939
940
941
942
942
946
947
947
948
949
951
953
960
962
963
963
968
969
978
980
984
987
988
988
991
992
993
994
997
999
999
1000
