1
3
3
5
5
6
6
6
7
7
8
8
9
9
12
13
14
14
15
15
16
17
17
18
18
19
19
19
19
20
22
22
22
23
23
25
27
30
30
31
33
33
35
35
35
37
38
38
38
38
40
41
42
44
46
48
49
49
51
52
52
53
54
57
61
63
64
64
66
68
69
69
70
70
70
74
75
75
76
78
79
81
84
85
87
88
89
90
90
91
93
95
95
96
97
99
101
103
103
104
105
106
106
106
106
107
108
108
108
109
110
111
114
115
115
116
116
117
118
119
120
123
125
126
126
127
128
129
129
129
130
131
131
131
133
133
135
137
137
139
141
142
144
144
146
152
153
154
155
157
157
157
159
159
159
159
159
160
161
163
164
164
166
167
168
168
168
169
171
173
177
178
178
180
181
181
182
184
185
187
189
189
190
190
192
192
193
193
195
197
199
201
201
202
202
203
204
207
207
208
210
210
211
211
211
212
212
213
213
213
214
215
217
220
220
221
221
221
222
222
222
223
223
225
226
227
227
227
228
230
232
232
233
234
234
234
234
235
236
238
239
240
240
241
241
242
245
246
248
248
248
249
250
251
251
251
252
254
256
256
257
257
257
257
259
260
260
265
268
269
270
270
270
270
271
273
274
274
274
274
275
275
276
276
277
277
279
283
284
286
289
289
289
289
289
290
291
291
293
294
295
297
297
301
303
303
303
304
306
307
309
309
309
309
309
310
311
312
314
314
315
315
315
315
316
319
320
322
323
323
325
325
325
326
326
327
328
329
331
332
333
334
336
336
337
338
338
339
339
340
341
341
346
347
347
348
349
352
352
354
354
354
355
355
356
356
356
358
358
358
358
362
365
365
365
365
366
367
368
368
369
369
369
371
375
378
378
379
380
383
383
384
385
386
387
387
387
387
389
390
392
394
395
397
398
398
399
399
399
400
401
402
404
404
405
405
406
406
407
408
408
409
410
410
410
411
413
413
416
418
418
422
422
423
423
425
426
426
428
428
429
429
430
433
435
435
438
438
438
439
440
440
442
443
443
445
446
451
451
457
458
458
459
460
460
461
461
462
463
466
466
466
467
467
468
468
469
470
472
473
474
477
477
479
480
482
483
484
485
487
488
488
488
490
490
491
493
495
496
497
499
502
502
503
503
504
504
505
506
507
509
511
512
515
516
516
516
517
521
521
521
526
527
529
530
532
533
535
536
536
537
539
541
544
546
547
547
548
549
550
552
552
554
554
556
556
557
561
561
562
562
564
564
565
565
565
566
567
568
568
569
570
571
571
571
572
574
575
576
577
579
580
580
580
581
582
583
583
585
585
586
589
589
590
591
593
593
594
594
595
595
596
598
599
599
600
602
602
603
605
607
607
610
610
613
613
614
616
616
616
618
621
622
622
622
622
623
625
625
625
626
627
629
631
632
634
635
635
637
637
638
639
639
640
641
642
642
644
645
645
646
649
649
650
650
651
652
653
654
657
658
659
659
660
660
661
661
662
665
665
665
666
668
672
672
672
674
674
675
676
677
677
678
679
681
681
685
686
689
689
690
692
692
693
693
693
695
695
695
697
697
697
699
699
700
700
700
701
702
704
704
704
704
705
706
707
707
707
708
708
710
711
712
713
714
717
717
718
719
720
721
722
723
723
724
725
726
727
728
730
731
731
731
735
736
737
737
738
739
739
740
742
742
743
744
745
745
747
747
749
749
749
749
750
751
752
752
755
755
756
757
758
758
760
760
761
761
761
761
762
762
762
762
764
766
769
771
772
774
774
779
780
784
786
786
787
789
790
790
790
790
791
794
795
795
796
796
797
798
799
799
800
800
801
802
802
802
803
804
805
806
806
807
807
807
808
808
809
810
810
812
812
813
813
815
815
815
818
819
820
821
823
825
825
826
827
827
828
829
830
832
833
833
833
833
833
837
838
838
842
843
843
845
845
846
848
849
850
851
851
852
853
854
855
855
857
859
860
860
861
861
862
862
863
864
865
867
868
868
868
869
871
874
875
879
880
880
880
880
882
884
885
886
887
887
888
889
890
892
893
895
895
897
899
900
901
903
904
906
906
906
906
907
907
909
909
911
911
914
915
915
916
918
918
919
920
921
921
922
922
923
923
923
924
928
928
929
931
931
932
935
935
936
936
937
938
940
946
947
949
951
951
951
953
953
953
954
959
959
959
962
963
965
966
966
967
967
970
972
972
972
973
974
975
975
976
978
979
980
980
981
983
984
985
985
986
987
990
991
992
992
993
995
995
996
996
997
997
999
1000
