227
485
16
584
804
295
832
207
102
378
487
790
47
826
851
754
327
914
350
354
911
625
716
518
316
328
933
475
819
675
532
581
506
560
826
892
531
807
401
779
179
132
218
101
395
758
967
246
225
26
882
632
235
267
112
110
316
177
862
96
487
952
948
117
204
484
128
928
417
977
524
291
136
451
750
22
520
758
902
912
585
837
360
706
463
222
526
401
786
952
954
738
144
362
27
920
794
478
309
271
737
94
881
748
38
929
553
978
812
677
585
760
589
152
667
774
876
195
252
575
624
478
970
835
932
850
798
172
798
413
849
844
911
80
113
65
507
990
296
663
70
747
894
341
254
174
13
874
698
907
39
119
599
933
135
876
738
906
766
266
415
864
845
474
167
818
872
421
416
500
437
171
232
468
773
651
185
676
580
577
888
546
269
297
176
586
850
652
45
576
158
841
411
409
791
708
454
731
130
845
838
628
61
368
349
751
602
289
588
423
425
920
179
475
395
866
585
781
653
762
34
734
410
61
246
172
594
875
611
608
735
66
241
952
962
523
820
309
814
868
527
849
626
602
367
183
612
51
141
173
433
360
935
594
919
148
462
623
855
400
779
689
217
605
932
825
987
176
860
302
764
667
432
974
685
415
855
491
796
757
819
213
888
158
634
480
27
167
319
627
390
365
66
990
842
123
757
982
617
272
236
222
845
542
858
582
178
937
437
5
679
46
74
885
242
676
522
843
271
54
671
742
6
329
465
882
916
12
46
399
806
533
238
41
858
81
496
640
649
469
344
819
283
853
909
687
202
744
596
522
873
901
108
762
523
383
16
922
346
241
810
408
69
85
913
600
633
13
430
972
764
224
529
474
600
956
202
873
174
253
819
269
483
488
335
524
54
470
222
933
441
452
183
52
817
332
535
249
890
863
644
184
710
766
212
154
520
197
272
930
722
154
712
507
174
63
808
945
521
946
715
328
971
305
125
701
946
85
338
743
364
862
786
836
842
696
666
149
18
950
703
322
282
711
215
355
684
378
616
330
439
393
170
696
468
69
364
907
672
938
494
377
169
102
171
860
587
593
259
552
576
843
415
470
121
1
787
887
908
967
615
913
930
685
470
626
788
470
592
517
618
888
336
386
418
945
43
240
587
202
741
217
870
724
986
987
554
666
757
654
644
683
815
656
9
296
121
786
910
787
914
35
153
221
840
578
92
678
83
932
103
870
791
962
700
885
222
167
400
912
927
448
585
476
8
299
97
871
917
257
998
193
541
227
976
628
348
232
155
421
169
35
665
240
800
23
169
531
977
718
697
763
426
319
559
426
659
658
804
32
857
108
702
350
741
988
956
590
550
236
924
286
382
216
967
184
913
758
113
496
227
748
666
558
812
841
27
27
32
171
948
449
308
224
715
259
29
448
216
994
711
482
691
784
268
382
21
993
322
602
783
216
392
997
918
708
425
632
824
720
580
693
834
146
418
390
580
347
619
332
472
19
146
502
581
478
345
604
554
817
800
270
777
948
904
330
920
688
986
116
153
670
575
553
773
69
787
615
743
819
117
574
618
256
947
367
683
896
861
289
658
352
500
212
218
242
28
465
703
297
455
542
824
805
996
842
863
900
376
714
862
246
469
175
566
84
965
821
408
684
805
600
690
781
985
315
187
654
940
961
830
155
129
250
756
92
656
967
6
116
676
138
361
416
156
312
330
300
34
679
112
16
165
135
418
956
526
860
400
725
38
455
600
452
999
188
709
75
593
445
189
310
120
49
233
424
640
701
362
990
449
465
962
250
435
847
426
845
637
726
145
193
522
144
517
952
347
678
288
653
699
956
5
744
753
653
102
20
62
205
144
658
695
304
58
834
376
212
760
216
867
841
455
465
212
524
999
244
604
435
177
114
605
633
426
174
139
778
522
201
189
698
20
603
423
64
794
465
25
661
829
572
842
888
546
341
617
372
338
241
447
830
639
416
818
617
833
903
534
703
537
57
604
171
285
540
677
748
486
498
950
245
549
349
550
261
490
976
261
983
915
933
157
407
254
722
98
854
284
104
298
234
484
867
163
94
521
483
374
137
229
597
766
563
753
345
886
266
155
107
251
657
661
385
220
653
917
177
99
138
43
374
557
41
52
440
680
27
186
865
29
676
26
649
885
931
830
412
440
575
375
517
99
430
769
993
175
12
78
948
247
413
352
557
123
228
584
716
882
482
446
915
735
623
148
918
531
808
630
398
537
935
391
759
793
63
653
980
723
152
235
498
879
321
455
799
658
168
634
603
