1
3
3
5
6
8
9
9
9
10
11
12
13
15
16
17
18
18
18
19
20
21
22
22
24
25
26
26
27
29
30
30
31
33
37
37
40
44
45
47
48
48
48
49
50
52
54
54
55
56
57
58
59
59
63
64
65
66
67
68
68
70
71
72
73
74
75
75
77
77
79
79
80
81
81
81
84
84
85
87
87
87
88
89
89
89
89
91
95
97
97
100
101
101
102
102
103
104
105
107
107
108
109
111
114
115
116
116
120
121
121
122
125
125
125
127
127
129
129
131
131
132
132
133
133
133
133
134
135
137
139
139
143
145
147
147
148
149
150
151
152
152
152
153
153
155
156
156
157
157
158
158
158
158
159
160
162
162
162
164
164
165
165
166
166
166
167
168
169
171
171
173
174
175
176
176
176
176
177
178
178
178
181
182
183
185
185
186
186
189
189
191
192
192
192
193
194
194
194
194
195
196
197
201
205
206
206
209
210
210
210
211
211
212
212
212
213
214
214
216
217
218
222
223
224
224
225
226
228
230
230
233
233
235
236
236
236
237
237
238
238
239
239
239
242
243
244
245
247
247
249
250
250
253
254
254
256
257
258
259
259
261
261
262
263
264
264
265
265
265
266
266
268
270
270
270
271
273
274
274
275
277
278
280
281
283
284
285
285
285
286
288
288
288
291
291
291
292
292
293
295
296
296
298
302
302
307
309
309
312
312
313
314
314
318
318
318
319
319
320
321
321
321
324
329
331
332
332
333
334
335
336
337
339
342
343
344
344
344
345
347
347
348
348
350
350
351
352
352
354
354
355
355
355
355
356
357
357
358
359
359
360
361
366
369
369
369
370
370
371
375
376
377
378
380
380
380
381
381
381
383
386
386
387
388
389
389
390
391
393
393
394
395
396
396
396
397
398
398
399
401
404
405
408
408
409
409
409
412
413
413
413
415
416
416
416
417
418
418
418
421
422
423
424
424
425
425
428
433
433
434
435
435
436
438
439
439
442
442
445
445
446
446
446
447
448
449
450
452
453
454
455
456
457
461
461
464
465
465
466
468
468
468
469
469
469
470
470
474
474
475
476
477
477
478
478
478
479
482
482
483
483
483
484
484
485
485
486
487
489
489
489
490
490
491
492
493
493
495
497
498
498
501
502
503
506
507
507
507
508
508
509
509
509
512
512
512
516
518
518
519
522
524
526
527
528
529
533
534
536
536
538
539
542
542
544
544
545
549
549
552
554
556
556
556
558
558
559
559
561
561
561
561
562
563
563
564
564
564
565
565
565
567
568
570
571
574
575
577
578
578
579
580
582
583
584
584
585
585
586
587
588
588
590
591
591
592
593
593
594
595
595
597
599
601
602
603
603
605
605
606
606
606
608
608
609
610
613
613
616
617
618
619
622
623
623
624
624
628
629
630
632
632
636
639
640
640
640
640
640
642
644
645
645
646
648
651
651
652
652
653
653
653
654
655
655
656
657
658
658
658
659
661
661
662
662
663
664
665
667
668
670
672
673
674
674
674
674
674
674
675
676
677
679
679
680
683
683
685
685
688
688
689
691
691
694
694
695
695
697
697
698
698
703
703
704
704
707
708
710
710
712
712
713
714
715
715
716
719
723
724
725
726
727
728
728
729
730
730
731
733
734
735
736
736
737
737
737
740
741
742
742
743
744
744
745
746
746
747
749
749
750
753
754
755
756
757
757
758
758
759
759
759
759
760
761
761
761
763
763
763
765
766
769
770
771
771
772
774
775
777
777
778
778
780
780
781
782
782
786
789
790
791
791
795
796
799
802
802
803
803
803
804
804
806
806
807
807
807
807
808
808
810
810
812
815
817
818
818
819
819
820
821
821
822
822
822
822
823
825
826
827
828
829
832
832
832
833
833
834
834
835
835
836
836
837
837
838
838
838
839
840
842
843
844
845
846
850
853
854
856
857
858
858
858
859
859
860
862
863
864
864
865
865
865
865
866
866
866
869
871
872
872
872
873
874
876
877
878
879
879
879
880
882
883
886
887
888
889
889
891
892
894
894
895
895
896
896
897
899
899
899
899
901
901
902
903
904
905
905
906
906
906
907
908
908
909
909
910
912
913
915
915
918
918
918
919
921
921
923
924
925
926
926
927
929
929
930
931
931
932
935
935
939
939
940
940
940
941
945
945
945
949
949
950
951
951
952
953
954
954
955
956
956
956
957
958
958
960
960
960
961
961
962
962
962
963
964
970
970
971
972
972
973
975
975
976
977
977
978
978
984
985
986
986
987
987
992
993
993
